[gd_scene load_steps=8 format=2]

[ext_resource path="res://src/objects/Roof.tscn" type="PackedScene" id=1]
[ext_resource path="res://assets/materials/Apartment.tres" type="Material" id=2]
[ext_resource path="res://assets/materials/Park.tres" type="Material" id=3]
[ext_resource path="res://src/PiecesDisplayer.gd" type="Script" id=4]
[ext_resource path="res://src/objects/Park.tscn" type="PackedScene" id=5]
[ext_resource path="res://src/objects/Apartment.tscn" type="PackedScene" id=6]

[sub_resource type="PlaneMesh" id=1]
size = Vector2( 26, 5 )

[node name="PiecesDisplayer" type="Spatial"]
script = ExtResource( 4 )

[node name="Apartments" type="Spatial" parent="."]
transform = Transform( 0.707107, -0.5, 0.5, 0, 0.707107, 0.707107, -0.707107, -0.5, 0.5, 0, 10, 10 )

[node name="Apartment0" parent="Apartments" instance=ExtResource( 6 )]
transform = Transform( 0.707107, 0, -0.707107, -0.5, 0.707107, -0.5, 0.5, 0.707107, 0.5, -1.90735e-06, 4.31784, -17.6822 )
material/0 = ExtResource( 2 )

[node name="Apartment1" parent="Apartments" instance=ExtResource( 6 )]
transform = Transform( 0.707107, 0, -0.707107, -0.5, 0.707107, -0.5, 0.5, 0.707107, 0.5, 1.41421, 3.31784, -16.6822 )
material/0 = ExtResource( 2 )

[node name="Apartment2" parent="Apartments" instance=ExtResource( 6 )]
transform = Transform( 0.707107, 0, -0.707107, -0.5, 0.707107, -0.5, 0.5, 0.707107, 0.5, 2.82843, 2.31784, -15.6822 )
material/0 = ExtResource( 2 )

[node name="Apartment3" parent="Apartments" instance=ExtResource( 6 )]
transform = Transform( 0.707107, 0, -0.707107, -0.5, 0.707107, -0.5, 0.5, 0.707107, 0.5, 4.24264, 1.31784, -14.6821 )
material/0 = ExtResource( 2 )

[node name="Apartment4" parent="Apartments" instance=ExtResource( 6 )]
transform = Transform( 0.707107, 0, -0.707107, -0.5, 0.707107, -0.5, 0.5, 0.707107, 0.5, 5.65685, 0.317835, -13.6821 )
material/0 = ExtResource( 2 )

[node name="Apartment5" parent="Apartments" instance=ExtResource( 6 )]
transform = Transform( 0.707107, 0, -0.707107, -0.5, 0.707107, -0.5, 0.5, 0.707107, 0.5, 7.07106, -0.682165, -12.6821 )
material/0 = ExtResource( 2 )

[node name="Apartment6" parent="Apartments" instance=ExtResource( 6 )]
transform = Transform( 0.707107, 0, -0.707107, -0.5, 0.707107, -0.5, 0.5, 0.707107, 0.5, 8.48528, -1.68216, -11.6821 )
material/0 = ExtResource( 2 )

[node name="Apartment7" parent="Apartments" instance=ExtResource( 6 )]
transform = Transform( 0.707107, 0, -0.707107, -0.5, 0.707107, -0.5, 0.5, 0.707107, 0.5, 9.89949, -2.68216, -10.6821 )
material/0 = ExtResource( 2 )

[node name="Apartment8" parent="Apartments" instance=ExtResource( 6 )]
transform = Transform( 0.707107, 0, -0.707107, -0.5, 0.707107, -0.5, 0.5, 0.707107, 0.5, 11.3137, -3.68216, -9.68214 )
material/0 = ExtResource( 2 )

[node name="Apartment9" parent="Apartments" instance=ExtResource( 6 )]
transform = Transform( 0.707107, 0, -0.707107, -0.5, 0.707107, -0.5, 0.5, 0.707107, 0.5, 12.7279, -4.68216, -8.68214 )
material/0 = ExtResource( 2 )

[node name="Apartment10" parent="Apartments" instance=ExtResource( 6 )]
transform = Transform( 0.707107, 0, -0.707107, -0.5, 0.707107, -0.5, 0.5, 0.707107, 0.5, 14.1421, -5.68216, -7.68214 )
material/0 = ExtResource( 2 )

[node name="Apartment11" parent="Apartments" instance=ExtResource( 6 )]
transform = Transform( 0.707107, 0, -0.707107, -0.5, 0.707107, -0.5, 0.5, 0.707107, 0.5, 15.5563, -6.68216, -6.68214 )
material/0 = ExtResource( 2 )

[node name="Roofs" type="Spatial" parent="."]

[node name="Roof0" parent="Roofs" instance=ExtResource( 1 )]
transform = Transform( 1, 0, 0, 0, 1, 0, 0, 0, 1, -11, 0.55, 1 )

[node name="Roof1" parent="Roofs" instance=ExtResource( 1 )]
transform = Transform( 1, 0, 0, 0, 1, 0, 0, 0, 1, -9, 0.55, 1 )

[node name="Park" parent="." instance=ExtResource( 5 )]
transform = Transform( 1, 0, 0, 0, 1, 0, 0, 0, 1, 11, 0.55, 1 )
material/0 = ExtResource( 3 )

[node name="Camera" type="Camera" parent="."]
transform = Transform( 1, 0, 0, 0, -1.62921e-07, 1, 0, -1, -1.62921e-07, 0, 20, 0 )
keep_aspect = 0
projection = 2
current = true
near = 0.77

[node name="Floor" type="MeshInstance" parent="."]
transform = Transform( 1, 0, 0, 0, 1, 0, 0, 0, 1, 0, -0.001, 0 )
visible = false
mesh = SubResource( 1 )
material/0 = null

[node name="DirectionalLight" type="DirectionalLight" parent="."]
transform = Transform( 0.707107, -0.5, 0.5, 0, 0.707107, 0.707107, -0.707107, -0.5, 0.5, 0, 10, 10 )
light_color = Color( 0.843137, 0.831373, 0.862745, 1 )
